{
 "templeR0032": [
  [
   1.0,
   0.0,
   0.0,
   0.0
  ],
  [
   0.0,
   1.0,
   0.0,
   0.0
  ],
  [
   0.0,
   0.0,
   1.0,
   0.0
  ]
 ],
 "templeR0047": [
  [
   0.999920926055687,
   -0.003938923868437855,
   -0.011942634328151375,
   0.23278936594993455
  ],
  [
   0.0033627388936077088,
   0.9988470485897069,
   -0.04788805185811195,
   0.97119776918841
  ],
  [
   0.012117492441536884,
   0.04784410520001873,
   0.9987813113863008,
   0.050833101657121814
  ]
 ],
 "templeR0033": [
  [
   0.9998747325580181,
   0.00966365245320681,
   -0.01253527077072653,
   0.24657723368276302
  ],
  [
   -0.008566563413771731,
   0.9963611233261463,
   0.08480050657594851,
   -1.7230496900185035
  ],
  [
   0.013309139089724342,
   -0.08468249964144475,
   0.9963190960084861,
   0.06393897456790197
  ]
 ],
 "templeR0034": [
  [
   0.9997421407441152,
   0.02029225187630693,
   0.0101919838187891,
   -0.18937729895307076
  ],
  [
   -0.02200269183298501,
   0.9766312489673667,
   0.21379262169809332,
   -4.346541465940509
  ],
  [
   -0.005615476157605489,
   -0.21396174437088017,
   0.9768258997248658,
   0.3418070947330357
  ]
 ],
 "templeR0035": [
  [
   0.999309821793747,
   0.03691880807177559,
   0.004108731812728507,
   -0.07193737196717956
  ],
  [
   -0.0362103283768544,
   0.9434631739563009,
   0.32949362893255346,
   -6.7080970845294186
  ],
  [
   0.008288074890461723,
   -0.32941499813891634,
   0.944148858398795,
   0.9956307677876066
  ]
 ],
 "templeR0046": [
  [
   0.9998212306171971,
   -0.017384149741926758,
   -0.0074362722424567065,
   0.1440070688734514
  ],
  [
   0.01548265684989577,
   0.9784787401985646,
   -0.20576598921177025,
   4.142831039808124
  ],
  [
   0.010853301063825692,
   0.20561407130150466,
   0.978572970983175,
   0.5102747397564479
  ]
 ],
 "templeR0045": [
  [
   0.9992980390034414,
   -0.03459675607142359,
   -0.01436988911617005,
   0.270161480784578
  ],
  [
   0.02734524125638025,
   0.9358133826078132,
   -0.3514335651481699,
   7.069735607174963
  ],
  [
   0.025605995870244272,
   0.3507939244078453,
   0.9361025347546261,
   1.3829098169378882
  ]
 ],
 "templeR0036": [
  [
   0.9985791485428704,
   0.05241610398055031,
   0.009603964748790017,
   -0.18106325167834678
  ],
  [
   -0.05119406781513361,
   0.8935864986924795,
   0.44596225936177014,
   -9.082516089998341
  ],
  [
   0.01479363092467043,
   -0.44582027925837486,
   0.8950002385955264,
   1.9635202594564591
  ]
 ],
 "templeR0044": [
  [
   0.998823879936985,
   -0.04784347725985442,
   -0.007865020744609276,
   0.1368003578251451
  ],
  [
   0.03812656997466412,
   0.8752333972142597,
   -0.4821958783137334,
   9.70167277533279
  ],
  [
   0.02995365636436363,
   0.4813288918031739,
   0.8760281253395544,
   2.6152050259983395
  ]
 ],
 "templeR0037": [
  [
   0.9975263339640699,
   0.06830136035843186,
   0.01661737709117971,
   -0.3268953011416582
  ],
  [
   -0.06574193566897395,
   0.8228040795078773,
   0.5645099154485165,
   -11.490133460665795
  ],
  [
   0.024883949499613613,
   -0.5642059649794411,
   0.8252590006409614,
   3.3027279749302867
  ]
 ],
 "templeR0038": [
  [
   0.9962961455751913,
   0.08114339741712191,
   0.02845591972901615,
   -0.5619295517026491
  ],
  [
   -0.07937935258191016,
   0.7406723717754766,
   0.667160667359945,
   -13.58552523333116
  ],
  [
   0.03305916961591731,
   -0.6669484138552976,
   0.7443701394872102,
   4.933590785693872
  ]
 ],
 "templeR0043": [
  [
   0.9980422267440199,
   -0.0625295486763882,
   -0.001330104569357858,
   -0.0013661536874420446
  ],
  [
   0.049278691397836666,
   0.7992837845078953,
   -0.5989299144281016,
   12.048149688449522
  ],
  [
   0.03851394825196459,
   0.5976917996468277,
   0.800800342423117,
   4.154087927696221
  ]
 ],
 "templeR0039": [
  [
   0.9950180517221904,
   0.08984200751428849,
   0.043214470178158985,
   -0.8591787981290945
  ],
  [
   -0.09120536387369925,
   0.6452861206680273,
   0.7584770293646829,
   -15.45325098030985
  ],
  [
   0.0402574011536087,
   -0.7586397275116895,
   0.650265411576955,
   6.792299354776897
  ]
 ],
 "templeR0042": [
  [
   0.9970816339003901,
   -0.07585070355866742,
   0.008653675992537822,
   -0.2066965496055653
  ],
  [
   0.06004080239641578,
   0.7091034764050151,
   -0.7025434945951151,
   14.126696171363102
  ],
  [
   0.047152066615613164,
   0.7010127891272578,
   0.7115881899623542,
   5.975953053819893
  ]
 ],
 "templeR0013": [
  [
   -0.995622897680841,
   0.0932742521819924,
   -0.0059126553675661955,
   0.4893110777202032
  ],
  [
   -0.067255652390832,
   -0.6710948242397534,
   0.7383145766542185,
   -15.267362880198322
  ],
  [
   0.06489778759779949,
   0.7354805577025842,
   0.6744305942099645,
   6.698132307987314
  ]
 ],
 "templeR0014": [
  [
   -0.9941194982942834,
   0.10656785175919999,
   -0.019228002562706972,
   0.761515442347214
  ],
  [
   -0.07626038547955842,
   -0.5629027685525629,
   0.8229974646147878,
   -16.95979051159337
  ],
  [
   0.07688157593098262,
   0.8196241615077541,
   0.5677195233168219,
   8.86190292036153
  ]
 ],
 "templeR0015": [
  [
   -0.992090050129898,
   0.12073617068959763,
   -0.03435272216970398,
   1.0725005775330552
  ],
  [
   -0.08409735169478727,
   -0.43610418087985414,
   0.8959580229324557,
   -18.405946973891613
  ],
  [
   0.09319317502467545,
   0.8917600128433232,
   0.44280821087971756,
   11.401910611424432
  ]
 ],
 "templeR0016": [
  [
   -0.9908974834603468,
   0.12323627153612735,
   -0.05417562782124157,
   1.474375863954835
  ],
  [
   -0.08986202713200067,
   -0.30587826804244633,
   0.9478202895164679,
   -19.423309200875885
  ],
  [
   0.10023469135822871,
   0.9440610713916909,
   0.31416826722489577,
   14.051116083053032
  ]
 ],
 "templeR0017": [
  [
   -0.989490448405135,
   0.1271754739638058,
   -0.06881170930216854,
   1.7649487919170146
  ],
  [
   -0.09260623415438037,
   -0.19186941902665833,
   0.977041560752723,
   -20.00394574376064
  ],
  [
   0.1110528608850257,
   0.9731456853238647,
   0.20163019918850789,
   16.28816184054191
  ]
 ],
 "templeR0018": [
  [
   -0.9900608451458315,
   0.11378216878196146,
   -0.08266281495566831,
   2.0300717704414453
  ],
  [
   -0.09228818164584379,
   -0.0820964724181853,
   0.992342209494786,
   -20.31100467922405
  ],
  [
   0.10612452326218273,
   0.9901079674882751,
   0.09178125232644774,
   18.55948220564582
  ]
 ],
 "templeR0019": [
  [
   -0.9890759654837741,
   0.113036383088765,
   -0.09461242307725887,
   2.266478647611728
  ],
  [
   -0.09548384534170419,
   -0.0023080417105346696,
   0.9954283039085356,
   -20.4218845257201
  ],
  [
   0.11230124567920774,
   0.9935881687307233,
   0.013075977104057057,
   20.102188242678583
  ]
 ],
 "templeR0020": [
  [
   -0.988350785705155,
   0.10948060635896141,
   -0.10572001337153195,
   2.4873475986721814
  ],
  [
   -0.09842756429476578,
   0.07001245496578301,
   0.9926783319568653,
   -20.426455117006906
  ],
  [
   0.11608074337719632,
   0.9915201727554204,
   -0.05842095545315151,
   21.59247799448723
  ]
 ],
 "templeR0021": [
  [
   -0.9862579305002744,
   0.11522045589664312,
   -0.11840414295237132,
   2.7528447325117806
  ],
  [
   -0.0986417467435527,
   0.1642459634349689,
   0.9814749458313746,
   -20.22854127276731
  ],
  [
   0.1325333932437281,
   0.9796670403960156,
   -0.15062333696016295,
   23.439728044069838
  ]
 ],
 "templeR0022": [
  [
   -0.9798882906594105,
   0.14116062436651705,
   -0.14104118532199664,
   3.2392595224132217
  ],
  [
   -0.10068310018361383,
   0.2604920875608916,
   0.9602118441550206,
   -19.815099243485694
  ],
  [
   0.1722842162416369,
   0.9551008064317735,
   -0.24104065712526768,
   25.267887273373287
  ]
 ],
 "templeR0023": [
  [
   -0.9795764986980136,
   0.12754250970759384,
   -0.15544385293741605,
   3.529362820195759
  ],
  [
   -0.09794596431895519,
   0.37247929277001646,
   0.922857391220972,
   -19.05080433878736
  ],
  [
   0.17560316418610075,
   0.9192345101632317,
   -0.3523796873441952,
   27.56052859429949
  ]
 ],
 "templeR0024": [
  [
   -0.9765965654627967,
   0.12544069491912363,
   -0.17471056174277746,
   3.92521805649644
  ],
  [
   -0.09353149887792708,
   0.4837842625387606,
   0.8701750663156674,
   -17.966394275547525
  ],
  [
   0.19367758529039394,
   0.8661509218248488,
   -0.4607293930042309,
   29.78231113200915
  ]
 ],
 "templeR0025": [
  [
   -0.9757203308995148,
   0.11257366002204591,
   -0.18787497688245264,
   4.1928295777098326
  ],
  [
   -0.08717810937258824,
   0.5872985105013873,
   0.8046616909043659,
   -16.619604576480622
  ],
  [
   0.20092240570817965,
   0.801503356594402,
   -0.563225138157331,
   31.86002696811354
  ]
 ],
 "templeR0026": [
  [
   -0.9748650722200176,
   0.10020992290797204,
   -0.19898759337264732,
   4.423117069133783
  ],
  [
   -0.07805897303518855,
   0.6829007487440475,
   0.7263286887446416,
   -15.014845375384095
  ],
  [
   0.20867411840990596,
   0.7236052367939283,
   -0.6579138040733385,
   33.84716067213345
  ]
 ],
 "templeR0027": [
  [
   -0.971144793941004,
   0.09069341903538644,
   -0.22057310113646425,
   4.857900407951328
  ],
  [
   -0.07338761647081884,
   0.7663521703649563,
   0.6382151743147867,
   -13.206564022695865
  ],
  [
   0.22691859101893144,
   0.6359866780999374,
   -0.7375831467227201,
   35.39233464719165
  ]
 ],
 "templeR0028": [
  [
   -0.9699754932599839,
   0.07065137094109698,
   -0.2327142588222611,
   5.109099799501474
  ],
  [
   -0.06804249734395025,
   0.8398249756696503,
   0.5385761123524425,
   -11.164505725838165
  ],
  [
   0.23349038744721234,
   0.5382400895749181,
   -0.8098023493076165,
   36.8849256068319
  ]
 ],
 "templeR0029": [
  [
   -0.9679013187384167,
   0.05533472759341339,
   -0.24516342530360596,
   5.363209322094653
  ],
  [
   -0.0584660478157476,
   0.8991289183030914,
   0.43376135088769824,
   -9.013526436286512
  ],
  [
   0.24443559159263356,
   0.43417192008843325,
   -0.8670328629120597,
   38.04431713723148
  ]
 ],
 "templeR0001": [
  [
   -0.9673625765057431,
   0.03672983432486079,
   -0.25072009262649564,
   5.473379270730622
  ],
  [
   -0.04873236924727715,
   0.9440024177021425,
   0.32631976887717906,
   -6.811464637767194
  ],
  [
   0.2486660446537028,
   0.3278877165173725,
   -0.9114026791672855,
   38.923594020530786
  ]
 ],
 "templeR0030": [
  [
   -0.9681784092877286,
   0.03543950813080766,
   -0.2477389938070507,
   5.418064702089628
  ],
  [
   -0.050277935191735755,
   0.9421948563566431,
   0.33127176439887096,
   -6.9149826593043
  ],
  [
   0.24515851407189412,
   0.33318597497273483,
   -0.9104308919734265,
   38.825055974690414
  ]
 ],
 "templeR0031": [
  [
   -0.9783293343065119,
   0.027662223670259285,
   -0.2051987207976543,
   4.5576953463469385
  ],
  [
   -0.03325911494309314,
   0.9571719050318956,
   0.28760350396129364,
   -6.0600913395518585
  ],
  [
   0.20436620295092642,
   0.28819567241585753,
   -0.9355093315901196,
   39.05384711191285
  ]
 ],
 "templeR0002": [
  [
   -0.9786399812544203,
   0.03332861963145358,
   -0.20286199792915807,
   4.500588089849898
  ],
  [
   -0.01765199521853228,
   0.969504233637642,
   0.24443802491325595,
   -5.205433406433066
  ],
  [
   0.20482234779230699,
   0.24279774313644376,
   -0.9482072883988484,
   39.22984350479076
  ]
 ],
 "templeR0003": [
  [
   -0.9847037929036269,
   0.026260287216175786,
   -0.17224644424932276,
   3.8814088450685698
  ],
  [
   -0.00034194351462184247,
   0.9882839188199721,
   0.15262627190779016,
   -3.394447315107126
  ],
  [
   0.17423640066255933,
   0.15035056739886898,
   -0.9731579437927813,
   39.51475706158551
  ]
 ],
 "templeR0004": [
  [
   -0.977948265862781,
   0.027994244454694797,
   -0.20696258496015632,
   4.581420607447001
  ],
  [
   0.019814552047358207,
   0.9989423917641016,
   0.04149073949425739,
   -1.1958737950648275
  ],
  [
   0.20790520152978778,
   0.036474925826224615,
   -0.9774686731362953,
   39.982626181063836
  ]
 ],
 "templeR0005": [
  [
   -0.9816270170053979,
   0.018901927367101178,
   -0.18987131596661241,
   4.233377459490465
  ],
  [
   0.026753950390866244,
   0.9988858009278834,
   -0.03887650759963602,
   0.37140521700087903
  ],
  [
   0.18892492059960594,
   -0.04324203795463762,
   -0.9810389903209568,
   39.99230825742198
  ]
 ],
 "templeR0012": [
  [
   -0.9916885920128972,
   -0.11723652170944204,
   -0.053003155084852996,
   1.387371861984732
  ],
  [
   0.10235862343895186,
   -0.4693049848653881,
   -0.8770835441325876,
   17.46820380252871
  ],
  [
   0.0779515790677797,
   -0.8752190749509344,
   0.4774045686447401,
   10.26782255973362
  ]
 ],
 "templeR0011": [
  [
   -0.9903978790528687,
   -0.11933238735390302,
   -0.06979844193101521,
   1.729204317289284
  ],
  [
   0.10760440065700679,
   -0.3484322566173248,
   -0.9311370766475818,
   18.585784742148025
  ],
  [
   0.08679478167969322,
   -0.9297068053300334,
   0.3579272579675895,
   12.605321345428742
  ]
 ],
 "templeR0010": [
  [
   -0.9887767178772456,
   -0.12346595545087818,
   -0.08412348083920179,
   2.0149485423318394
  ],
  [
   0.11024792672813391,
   -0.22298743962406486,
   -0.9685669808650571,
   19.36882409341453
  ],
  [
   0.10082656810607907,
   -0.9669709197357,
   0.2340966542893006,
   15.120297826226585
  ]
 ],
 "templeR0009": [
  [
   -0.9876747008117351,
   -0.12052825313681674,
   -0.09985802707963316,
   2.3294022138242223
  ],
  [
   0.11159733052595243,
   -0.09492693228908322,
   -0.9892092363831146,
   19.81331950838183
  ],
  [
   0.10974844507295149,
   -0.9881608258385732,
   0.10720756075062099,
   17.670041092696
  ]
 ],
 "templeR0008": [
  [
   -0.9869154043171161,
   -0.11468331620316448,
   -0.11333896817171178,
   2.5981940284983707
  ],
  [
   0.10920023027089616,
   0.04176959830877436,
   -0.9931417876445976,
   19.910179742010463
  ],
  [
   0.11863091684028478,
   -0.9925235703205082,
   -0.028699615465451855,
   20.382380980782447
  ]
 ],
 "templeR0007": [
  [
   -0.983446210181062,
   -0.11898851579126295,
   -0.13665754567640545,
   3.0722973369119084
  ],
  [
   0.11375542672061793,
   0.18161688925243358,
   -0.9767676327714179,
   19.585094615649204
  ],
  [
   0.1410434492350375,
   -0.9761439640995899,
   -0.1650748520514913,
   23.174907154247332
  ]
 ],
 "templeR0006": [
  [
   -0.9805716373388649,
   -0.1135130258983859,
   -0.15998142704067286,
   3.5465383732069826
  ],
  [
   0.11664139439790404,
   0.3183118312311496,
   -0.9407828459379904,
   18.86396922357727
  ],
  [
   0.15771508856000543,
   -0.941165432349523,
   -0.29888723591154764,
   25.87733745187854
  ]
 ],
 "templeR0040": [
  [
   0.9818633496831068,
   0.08860155617589636,
   0.1676130269169971,
   -3.374985033204932
  ],
  [
   -0.12548423556113633,
   -0.35901860860718415,
   0.9248563917167889,
   -18.964923273845837
  ],
  [
   0.1421199112535107,
   -0.9291153872996458,
   -0.3413891150993588,
   26.673514200104528
  ]
 ],
 "templeR0041": [
  [
   0.9780736359845681,
   0.08845948026162095,
   0.18853881017914925,
   -3.801219922977226
  ],
  [
   -0.12531694562068954,
   -0.4730789275408911,
   0.8720619195086213,
   -17.905473053200996
  ],
  [
   0.16633588227507173,
   -0.8765678802400895,
   -0.4516205548900197,
   28.916137468172618
  ]
 ]
}